$ANSIBLE_VAULT;1.1;AES256
36333133323336303164616138616463313437353236643166633730656364643032666639366237
3735623630666264633764656562653031663265353238320a356161323736323835663239363064
34616563333033623734636532343733316132393063626233366462616635613337623336333233
3234366462323364380a303265383234313236393861386137623637643066353835326235323461
63313864353534316137653039636631313035323536333664303334353064623235386238633266
33343638316438653436306135386537383439383135333762373466643535313536346562363936
64323463376633323938346536343764643634313738636564313665336365376161646538373331
35363337373338653432623434346231363138633761353265653335383861643939383632303365
34323133306237633632373530353239616466373131326261363561623932373062316136323361
32646339656561356262643236376164343631323361376337373230336232373237353835306239
623163663038336232326466346565643963
